<TICKER>,<PER>,<DATE>,<TIME>,<OPEN>,<HIGH>,<LOW>,<CLOSE>,<VOL>,<OPENINT>
9988.HK,D,20250102,000000,82.4,82.7,80.8,81.3,48562393,0
9988.HK,D,20250103,000000,83.1,83.75,82,82.6,57859265,0
9988.HK,D,20250106,000000,83.15,83.35,81.9,82.15,36259231,0
9988.HK,D,20250107,000000,82.15,82.45,80.5,81.4,57807719,0
9988.HK,D,20250108,000000,81.6,82.25,80.4,80.9,51033856,0
9988.HK,D,20250109,000000,80.9,81.6,80.45,80.6,38857402,0
9988.HK,D,20250110,000000,80.9,81.2,79.5,79.6,49178401,0
9988.HK,D,20250113,000000,78.5,78.55,77.35,78.1,47082642,0
9988.HK,D,20250114,000000,78.75,80.35,78.35,79.95,62238203,0
9988.HK,D,20250115,000000,79.1,80.15,79.1,79.95,34729525,0
9988.HK,D,20250116,000000,80.1,81.45,79.25,80.45,40303852,0
9988.HK,D,20250117,000000,80,80.75,79.6,80.75,40613226,0
9988.HK,D,20250120,000000,82.7,86.1,82.4,84.55,92760400,0
9988.HK,D,20250121,000000,85.8,85.95,83.9,84.8,45376591,0
9988.HK,D,20250122,000000,83.3,83.9,81.65,82.2,50020729,0
9988.HK,D,20250123,000000,83.85,84.25,82.55,82.9,35695244,0
9988.HK,D,20250124,000000,83.75,85,83,84.75,56000920,0
9988.HK,D,20250127,000000,86.6,87.95,86.1,87.25,77324541,0
9988.HK,D,20250128,000000,88.5,88.5,87.65,88.3,28186080,0
9988.HK,D,20250203,000000,92.55,94.1,90.4,94,137951734,0
9988.HK,D,20250204,000000,96.8,97.95,94.75,97.65,119029715,0
9988.HK,D,20250205,000000,99,99.65,95.3,97.55,130268715,0
9988.HK,D,20250206,000000,96.95,98.9,96.5,98.55,82663790,0
9988.HK,D,20250207,000000,98,100.9,97.7,100,111035834,0
9988.HK,D,20250210,000000,103,106.5,103,105.5,154940987,0
9988.HK,D,20250211,000000,107.9,108.6,104.6,104.9,133001073,0
9988.HK,D,20250212,000000,109.2,113.9,109.1,113.8,215324934,0
9988.HK,D,20250213,000000,115.2,124.3,115.2,116.7,336901993,0
9988.HK,D,20250214,000000,116.9,124.3,116.8,124.1,267121701,0
9988.HK,D,20250217,000000,124.9,129.5,118.8,122.2,293596265,0
9988.HK,D,20250218,000000,122,128.6,122,126.3,197776235,0
9988.HK,D,20250219,000000,123.7,125.4,122.3,124.1,148288754,0
9988.HK,D,20250220,000000,122.4,123.6,118.4,120.9,178330455,0
9988.HK,D,20250221,000000,133,139.6,131,138.5,329402607,0
9988.HK,D,20250224,000000,138.9,140.9,134.3,135.7,222538792,0
9988.HK,D,20250225,000000,125.1,133.3,125,130.6,234415866,0
9988.HK,D,20250226,000000,132.3,139.1,132,136.9,197155020,0
9988.HK,D,20250227,000000,137.5,139.7,133.2,135.7,180178311,0
9988.HK,D,20250228,000000,133.6,133.8,127.1,127.5,209019085,0
9988.HK,D,20250303,000000,129.8,134.5,128.6,130.4,164140645,0
9988.HK,D,20250304,000000,126.6,129.3,124.5,127.8,133778504,0
9988.HK,D,20250305,000000,128.4,131.5,126.6,129.9,132295744,0
9988.HK,D,20250306,000000,138,141.5,137.3,140.8,198863431,0
9988.HK,D,20250307,000000,137.8,145.9,137.2,140,250700100,0
9988.HK,D,20250310,000000,137.2,138.7,133.6,134.5,179071477,0
9988.HK,D,20250311,000000,127.8,134.8,127.7,133.6,157697693,0
9988.HK,D,20250312,000000,138,138,131.9,134.8,124456918,0
9988.HK,D,20250313,000000,133.8,133.9,129.1,131.5,101846984,0
9988.HK,D,20250314,000000,134.5,137.6,132.8,135.8,108673140,0
9988.HK,D,20250317,000000,137.6,139,135.1,135.5,72542321,0
9988.HK,D,20250318,000000,143.3,143.5,140.6,143.4,145909264,0
9988.HK,D,20250319,000000,140.3,142.3,139.6,141.1,83578664,0
9988.HK,D,20250320,000000,140,140,135.1,135.5,113971960,0
9988.HK,D,20250321,000000,133.6,135.3,130.4,130.7,143069660,0
9988.HK,D,20250324,000000,132,134.1,130.4,132.8,90778453,0
9988.HK,D,20250325,000000,130.7,132.1,127.6,127.7,104041459,0
9988.HK,D,20250326,000000,128.6,130.7,128,129.5,57480050,0
9988.HK,D,20250327,000000,129.4,133,128.3,130.1,63397449,0
9988.HK,D,20250328,000000,132,133.5,129,131,66594496,0
9988.HK,D,20250331,000000,128.8,130,126.1,128,78698386,0
9988.HK,D,20250401,000000,129.1,131.5,128.9,129.8,59194990,0
9988.HK,D,20250402,000000,129,132,128.4,130,61236236,0
9988.HK,D,20250403,000000,122.5,126.4,121.5,123.5,165415092,0
9988.HK,D,20250407,000000,108,112.2,100,101.3,392361045,0
9988.HK,D,20250408,000000,105.7,106.3,97.55,102.5,291748687,0
9988.HK,D,20250409,000000,97.4,105.7,95.7,103.6,251724654,0
9988.HK,D,20250410,000000,108,110.4,104.4,104.8,239469665,0
9988.HK,D,20250411,000000,103,106.6,101.5,103,178687575,0
9988.HK,D,20250414,000000,107.4,109.9,105.7,108.2,166612582,0
9988.HK,D,20250415,000000,111.8,111.8,108.6,109.9,103926447,0
9988.HK,D,20250416,000000,107,107.5,104,105.4,116440525,0
9988.HK,D,20250417,000000,105.1,109.3,104.5,108.7,113941562,0
9988.HK,D,20250422,000000,108.4,111.5,107.2,110,118989644,0
9988.HK,D,20250423,000000,116.4,116.9,113.9,116,142919552,0
9988.HK,D,20250424,000000,115.7,116.3,112.5,113.8,91662927,0
9988.HK,D,20250425,000000,116.2,117.9,114.9,115.6,82127311,0
9988.HK,D,20250428,000000,117.8,117.8,114.4,115.2,67368966,0
9988.HK,D,20250429,000000,115.7,117.4,114.2,115,63943734,0
9988.HK,D,20250430,000000,116.4,117.6,114.6,117.5,68302501,0
9988.HK,D,20250502,000000,119.2,123.1,118.1,122,72747697,0
9988.HK,D,20250506,000000,122.5,124.7,120.8,123.8,89828348,0
9988.HK,D,20250507,000000,126.9,127.8,121.3,121.3,105915833,0
9988.HK,D,20250508,000000,120.8,123.7,120.3,121.5,70065236,0
9988.HK,D,20250509,000000,122.9,124.4,121.8,123.6,64212711,0
9988.HK,D,20250512,000000,126.1,131.9,124.9,131.2,163626351,0
9988.HK,D,20250513,000000,131,131,125.6,126.1,110675822,0
9988.HK,D,20250514,000000,127.8,130.8,126.8,130.4,88967136,0
9988.HK,D,20250515,000000,131.4,131.7,127.9,128.9,83762982,0
9988.HK,D,20250516,000000,121,124.2,120.3,123.4,146404177,0
9988.HK,D,20250519,000000,119.9,120.8,117.5,119.2,124103481,0
9988.HK,D,20250520,000000,120,122.6,119.2,121.7,63599789,0
9988.HK,D,20250521,000000,123.1,123.7,122.1,123.1,48764348,0
9988.HK,D,20250522,000000,121.6,121.8,118.6,119.1,77869662,0
9988.HK,D,20250523,000000,119,120.1,117.7,118.8,66708012,0
9988.HK,D,20250526,000000,118.5,119.6,116.8,116.9,61541743,0
9988.HK,D,20250527,000000,116,118.2,115.1,118,52883817,0
9988.HK,D,20250528,000000,118.2,118.5,115.2,115.7,68081387,0
9988.HK,D,20250529,000000,115.3,118.8,115.3,118.1,74783592,0
9988.HK,D,20250530,000000,115.1,115.4,112.8,113.9,204654182,0
9988.HK,D,20250602,000000,112,113.6,109.8,113.2,73453819,0
9988.HK,D,20250603,000000,113.2,114.4,112.9,113.9,59256715,0
9988.HK,D,20250604,000000,113.2,115.6,112.6,114.6,73216251,0
9988.HK,D,20250605,000000,117.9,118.5,117.2,118.3,77117941,0
9988.HK,D,20250606,000000,118.3,118.3,115.7,116.6,75163798,0
9988.HK,D,20250609,000000,118,120.3,117.6,119.3,84322573,0
9988.HK,D,20250610,000000,120.4,120.5,117.6,118.8,54323007,0
9988.HK,D,20250611,000000,118.6,119,117.9,118.4,50080516,0
9988.HK,D,20250612,000000,115.7,116.3,114.3,114.6,82878015,0
9988.HK,D,20250613,000000,112.8,114.1,110.6,112,122464076,0
9988.HK,D,20250616,000000,111.1,113.8,110.3,112.9,73900525,0
9988.HK,D,20250617,000000,114.3,115.5,113.9,114.8,59968684,0
9988.HK,D,20250618,000000,114.1,114.1,111.4,112.2,55865417,0
9988.HK,D,20250619,000000,111.6,111.9,109.6,110,55573686,0
9988.HK,D,20250620,000000,111,111.7,110,111.7,106839365,0
9988.HK,D,20250623,000000,110,111.1,108.6,110.8,68537835,0
9988.HK,D,20250624,000000,112.1,113.6,111.6,112.7,66616313,0
9988.HK,D,20250625,000000,115,116.2,113.6,115.5,79338255,0
9988.HK,D,20250626,000000,113,113.3,112.1,112.2,86859946,0
9988.HK,D,20250627,000000,112.6,113.5,111.4,112.1,75942306,0
9988.HK,D,20250630,000000,111.5,112,109.8,109.8,90192013,0
9988.HK,D,20250702,000000,111.7,112,108.7,109.4,88248907,0
9988.HK,D,20250703,000000,108.8,109.6,105.2,106.2,155395466,0
9988.HK,D,20250704,000000,105.2,106.4,103.1,105.1,106812953,0
9988.HK,D,20250707,000000,104,105.6,102.3,105.4,81216305,0
9988.HK,D,20250708,000000,104.7,107.6,104.2,107,81928731,0
9988.HK,D,20250709,000000,106.1,106.3,102.7,102.9,134137844,0
9988.HK,D,20250710,000000,102,103.8,101.8,103.2,98855593,0
9988.HK,D,20250711,000000,103.3,106.9,103.3,105.1,115975182,0
9988.HK,D,20250714,000000,104.4,106.7,104.4,106.1,65552727,0
9988.HK,D,20250715,000000,106.5,113.7,106.5,113.5,195489816,0
9988.HK,D,20250716,000000,115.7,117.7,113.5,113.8,144295161,0
9988.HK,D,20250717,000000,113.4,115,112.1,112.5,74908706,0
9988.HK,D,20250718,000000,115.3,116.3,114.4,115.8,83105716,0
9988.HK,D,20250721,000000,118.8,118.8,117,117.9,95474095,0
9988.HK,D,20250722,000000,117.7,118.2,116,118,63352702,0
9988.HK,D,20250723,000000,119,122,117.7,120.9,119661760,0
9988.HK,D,20250724,000000,120.9,121.8,119.9,120.3,77592812,0
9988.HK,D,20250725,000000,119.1,119.3,117.5,118,63455940,0
9988.HK,D,20250728,000000,119.5,121.7,118.9,120.6,69215231,0
9988.HK,D,20250729,000000,119.2,121,118.1,120.7,59019387,0
9988.HK,D,20250730,000000,117.7,119.6,117.1,117.1,88754280,0
9988.HK,D,20250731,000000,116,118,114.3,115.7,97698587,0
9988.HK,D,20250801,000000,117.8,119.3,116.7,116.9,75031091,0
9988.HK,D,20250804,000000,115.5,116.7,114.7,116.2,50516068,0
9988.HK,D,20250805,000000,116.1,116.3,114.6,116,52371110,0
9988.HK,D,20250806,000000,115.6,119.2,115.1,116.7,73715023,0
9988.HK,D,20250807,000000,119.1,119.8,117.9,119.2,66845112,0
9988.HK,D,20250808,000000,118.6,118.6,116.1,116.3,60373207,0
9988.HK,D,20250811,000000,118,119,116.9,118.5,43065055,0
9988.HK,D,20250812,000000,116.8,117.5,116.1,116.6,55676119,0
9988.HK,D,20250813,000000,120,123.8,119.2,123.7,150500459,0
9988.HK,D,20250814,000000,124.8,125.2,121,121.8,83916791,0
9988.HK,D,20250815,000000,119.3,119.8,117.8,118.1,110541625,0
9988.HK,D,20250818,000000,118.3,120.8,118.3,118.6,76093381,0
9988.HK,D,20250819,000000,118.4,119.7,117.9,118.3,55732895,0
9988.HK,D,20250820,000000,117.2,118,116.1,117.5,62830049,0
9988.HK,D,20250821,000000,117.3,117.6,115,115.7,66716053,0
9988.HK,D,20250822,000000,115.5,118.3,115.3,118,73604857,0
9988.HK,D,20250825,000000,120.4,126,120.4,124.5,162992103,0
9988.HK,D,20250826,000000,122,123.9,121.1,121.3,90253630,0
9988.HK,D,20250827,000000,121.3,124.3,121,121.5,114213258,0
9988.HK,D,20250828,000000,119.1,119.3,115.6,115.8,171962832,0
9988.HK,D,20250829,000000,116.8,119,115.7,115.7,110429482,0
9988.HK,D,20250901,000000,133,138,133,137.1,404948185,0
9988.HK,D,20250902,000000,139.9,139.9,134.7,134.7,166594096,0
9988.HK,D,20250903,000000,136.5,137.8,133,134.1,104631522,0
9988.HK,D,20250904,000000,134.3,134.8,128.5,129.8,148595855,0
9988.HK,D,20250905,000000,128.5,133,128.1,131.8,127450276,0
9988.HK,D,20250908,000000,133.2,138,133.1,137.3,147299900,0
9988.HK,D,20250909,000000,138.6,142.8,138,141.9,181120225,0
9988.HK,D,20250910,000000,144.7,147.9,142.6,142.8,181722198,0
9988.HK,D,20250911,000000,140.9,146.5,139.1,143.3,174456621,0
9988.HK,D,20250912,000000,151.7,153.8,150.1,151.1,170663495,0
9988.HK,D,20250915,000000,150.4,156.8,150.1,154.6,146193613,0
9988.HK,D,20250916,000000,154,156.8,152.5,153.5,111088746,0
9988.HK,D,20250917,000000,157.7,162.3,156.7,161.6,156646724,0
9988.HK,D,20250918,000000,162.1,164.8,156.3,158.4,209809246,0
9988.HK,D,20250919,000000,158.9,162.8,156.6,159.1,138827373,0
9988.HK,D,20250922,000000,157.6,161.5,157.3,159.2,103208970,0
9988.HK,D,20250923,000000,160,163.1,156.7,159.4,119175251,0
9988.HK,D,20250924,000000,158.5,174.9,157.6,174,261023658,0
9988.HK,D,20250925,000000,174,177.8,171.1,172,172333447,0
9988.HK,D,20250926,000000,168.4,171.9,165,166.5,152987253,0
9988.HK,D,20250929,000000,166.9,174.3,166.9,173.4,134259119,0
9988.HK,D,20250930,000000,176.6,178,173.7,177,135460219,0
9988.HK,D,20251002,000000,179.7,185,179.1,183.1,96036992,0
9988.HK,D,20251003,000000,185,186.2,183.3,185.1,56780997,0
9988.HK,D,20251006,000000,181.8,183.8,179.8,180.5,49211980,0
9988.HK,D,20251008,000000,178.1,178.3,173.5,177.6,75252197,0
9988.HK,D,20251009,000000,179,179,171.5,173.3,158029622,0
9988.HK,D,20251010,000000,169.1,170.3,164.8,165.4,186753966,0
9988.HK,D,20251013,000000,159,163.6,156.1,162.6,282816644,0
9988.HK,D,20251014,000000,164.8,166.1,154,155.6,201534774,0
9988.HK,D,20251015,000000,158.7,162.7,156.1,161.6,111159729,0
9988.HK,D,20251016,000000,162.6,164.2,158.6,161.2,73190193,0
9988.HK,D,20251017,000000,161,161,153,154.4,133552318,0
9988.HK,D,20251020,000000,162.1,162.9,160,161.9,98042110,0
9988.HK,D,20251021,000000,167.5,169,164.8,165.1,110624314,0
9988.HK,D,20251022,000000,162.7,163.6,160,161.9,67640668,0
9988.HK,D,20251023,000000,161.9,165.5,159.1,164.6,86447894,0
9988.HK,D,20251024,000000,168,169.3,166.6,168.3,84064278,0
